Resultados da Simulacao TA2
LDPC (6,3), 16-QAM, OFDM com 48 subportadoras

SNR_dB = [0   2   4   6   8  10  12  14]
BER_sem_FEC = [2.865625e-01 2.509271e-01 2.036042e-01 1.498385e-01 9.545833e-02 5.066146e-02 2.001562e-02 5.000000e-03]
BER_com_LDPC = [3.946042e-01 3.809896e-01 3.673438e-01 3.583854e-01 3.448438e-01 3.405833e-01 3.337812e-01 3.341667e-01]
