Resultados da Simulacao TA2
LDPC (6,3), 16-QAM, OFDM com 48 subportadoras

SNR_dB = [0   2   4   6   8  10  12  14]
BER_sem_FEC = [2.866250e-01 2.512865e-01 2.040000e-01 1.496562e-01 9.675000e-02 5.015104e-02 2.028125e-02 5.161458e-03]
BER_com_LDPC = [2.683333e-01 2.078958e-01 1.467083e-01 8.513542e-02 4.153125e-02 1.577083e-02 4.395833e-03 9.895833e-04]
